#image_width: 1024
#image_height: 768
#camera_name: 00b09d0100d61c75_left
#camera_matrix:
#  rows: 3
#  cols: 3
#  data: [1325.32570701188, 0, 506.362862807133, 0, 1305.00776208563, 385.658122052593, 0, 0, 1]
#distortion_model: plumb_bob
#distortion_coefficients:
#  rows: 1
#  cols: 5
#  data: [-0.607118244289631, 0.441899607519972, -0.00019114958272593, -0.000546429829783763, 0]
#rectification_matrix:
#  rows: 3
#  cols: 3
#  data: [0.99991359167917, -0.00256450309939395, -0.0128931182851569, 0.00256511743104241, 0.999996709596911, 3.11113571255226e-05, 0.0128929960764289, -6.41810312991414e-05, 0.999916879812001]
#projection_matrix:
#  rows: 3
#  cols: 4
#  data: [1239.01207875213, 0, 509.286605834961, 0, 0, 1239.01207875213, 387.404884338379, 0, 0, 0, 1, 0]
image_width: 640
image_height: 480
camera_name: right
camera_matrix:
  rows: 3
  cols: 3
  data: [1325.32570701188, 0, 506.362862807133, 0, 1305.00776208563, 385.658122052593, 0, 0, 1]
distortion_model: plumb_bob
distortion_coefficients:
  rows: 1
  cols: 5
  data: [-0.607118244289631, 0.441899607519972, -0.00019114958272593, -0.000546429829783763, 0]
rectification_matrix:
  rows: 3
  cols: 3
  data: [0.99991359167917, -0.00256450309939395, -0.0128931182851569, 0.00256511743104241, 0.999996709596911, 3.11113571255226e-05, 0.0128929960764289, -6.41810312991414e-05, 0.999916879812001]
projection_matrix:
  rows: 3
  cols: 4
  data: [1239.01207875213, 0, 509.286605834961, 0, 0, 1239.01207875213, 387.404884338379, 0, 0, 0, 1, 0]
